000000100001001000000000000
000010100001001000000000001
000101000000001000100000000
000101000000001000100000000
000101000000001000100000000
000010100001001000000000001
000101000000001000100000001
000101000000001000100000001
000101000000001000100000001
000010100001001000000000001
000101000000001000100000010
000101000000001000100000010
000101000000001000100000010
000010100001001000000000001
000101000000001000100000011
000101000000001000100000011
000101000000001000100000011
000010100001001000000000001
000101000000001000100000100
000101000000001000100000100
000101000000001000100000100
000010100001001000000000001
000101000000001000100000101
000101000000001000100000101
000101000000001000100000101
000010100001001000000000001
000101000000001000100000110
000101000000001000100000110
000101000000001000100000110
000010100001001000000000001
000101000000001000100000111
000101000000001000100000111
000101000000001000100000111
000101000000001100100001000
000101000000001100100001000
000101000000001100100001000
000010100001001000000000001
000101000000001000100000000
000101000000001000100000000
000101000000001000100000000
000010100001101100000000001
000101000000001100100001000
000101000000001100100001000
000101000000001100100001000
000000100001101100000000000
100000100000000000000000000
100111100100001100000000000
100111100100001100000000000
100111100100001100000000000
100101100100001000000000001
100101100100001000000000001
100101100100001000000000001
100000100001000000000000011
100000100001000100000000011
100101000000000000000000011
100101000000000000000000011
100101000000000000000000011
100101100100010000000000011
100101100100010000000000011
100101100100010000000000011
