11110100
11110110
11111000
11110110
11110101
11110101
11110111
11110110
11110111
11110111
11111001
11111000
11111000
11111000
11111010
11111010
11111010
11111001
11111000
11110110
11110101
11110100
11110101
11111000
11111010
11111011
11111100
11111101
11111100
11111010
11111000
11110111
11110111
11110101
11110100
11110100
11110111
11111011
11111010
11111001
11111001
11111011
11111011
11111011
11111010
11111001
11111000
11111001
11111010
11111010
11111000
11111000
11110110
11110110
11110111
11111000
11111001
11111011
11111011
11111011
11111010
11111001
11110111
11110111
11110101
11110011
11110010
11110011
11110100
11110111
11111000
11111000
11111001
11111010
11111010
11111011
11111011
11111010
11111001
11111000
11111010
11111010
11111001
11111001
11111001
11111000
11111000
11111000
11111000
11111000
11111000
11111000
11111000
11110111
11110110
11110110
11111001
11111011
11111101
11111100
11111000
11110111
11111001
11111110
11111000
11110111
11110111
11111000
11111010
11111010
11111010
11111001
11111001
11111010
11111010
11111010
11111010
11111010
11111001
11111000
11110111
11110110
11110110
11110110
11110110
11110110
11110110
11110110
11110110
11110111
11111001
11111011
11111010
11110111
11110111
11111010
11111011
11111001
11111000
11110111
11111000
11111001
11111001
11111001
11111000
11110111
11111001
11111010
11111011
11111011
11111001
11111000
11110110
11110101
11110011
11110100
11110100
11110101
11110110
11110111
11111001
11110100
11110011
11111000
11111100
11111010
11111000
11111000
11111101
11111011
11111001
11111000
11111001
11111010
11111001
11110110
11110110
11110110
11111000
11111001
11111010
11111011
11111010
11111000
11110110
11110101
11110011
11110011
11110101
11110110
11111000
11111001
11111111
11111100
11111100
11111101
11111011
11110111
11111001
11111101
11110110
11110101
11110101
11111000
11111010
11111010
11111000
11110101
11110100
11110100
11110110
11110111
11111001
11111001
11111001
11111000
11110110
11110101
11110100
11110101
11110110
11111000
11111010
11111011
11110101
11111000
11111011
11110110
11100111
11011101
11100111
11110101
11101010
11101011
11101111
11110101
11111010
11111011
11111000
11110100
11110011
11110011
11110101
11110110
11111000
11111000
11111000
11111000
11110111
11110110
11110110
11110111
11111000
11111001
11111011
11111100
11110110
11111011
11110010
11111111
10100000
00001001
00110110
00100100
00001100
00010010
00001101
00100110
01001100
10000101
11110011
11101111
11110010
11111000
11101101
11111111
11101110
11111110
11110110
11111000
11110110
11111001
11110101
11111100
11110101
11111001
11111111
11100101
11111010
11110100
11111111
11010011
01000101
00001010
00000000
00011111
01011110
01111111
10010100
10001000
10110101
11000000
11100100
11010100
11100110
11011011
11110100
11110001
11110110
11101010
11110101
11110010
11111000
11111111
11110110
11111000
11111111
11101111
10100101
01101101
11110011
11111100
11011101
00100000
00010001
00001001
01101100
11010000
11100101
11101111
10000001
10011001
11100100
11101011
11001110
11100100
11011001
11100000
11011001
11011111
11100110
11111101
11110011
11111000
11110010
11111010
11111110
11111111
10111110
01110000
01101100
01100000
11111001
11101101
11101101
00111110
00000000
01001000
11101110
11100000
11101011
10100001
00010100
01101010
10100110
11101101
11011110
11100111
11100101
11100111
11100000
11010101
11011110
11011000
11101101
11111011
11111011
11111100
11011110
10001110
01101001
01110000
01110010
10001100
11111011
11111111
11101010
00110001
00000101
10101010
11110000
11100100
11110010
11000010
00100100
00001010
01001101
11100011
11110100
11011001
11100111
11101110
11011010
11100010
11011111
11011001
11011101
11101101
11111111
11001010
01111001
01101010
01100110
01010000
01100110
10000100
11110000
11111111
11001010
00010001
00111000
11100000
11101110
11100100
11110001
11100110
00010101
01010001
10110101
11111010
11111100
11111110
11010110
11101010
11010011
01101001
11001110
11011100
11100010
11011100
10110010
01100011
01010111
01010110
01001100
01010101
01001000
01001010
11110010
11111111
01111101
00010111
01000010
11111000
11111000
11110100
11111011
11101100
01010111
11010110
11000110
10110111
10101001
10010010
01011001
10100011
11011101
01111111
10000111
11011101
11001010
11100110
01010101
01010111
01010001
01001110
01010110
01100000
01011101
01010110
11111000
11111011
01010010
00010110
00111100
11111101
11110010
11111111
11111011
11111111
11111000
11111111
10011110
10010101
10011111
10111101
11011110
01111100
10111011
10011001
00111100
11011011
11011000
11100110
10010111
01011110
01101010
01111110
01101111
01110000
01101111
01110010
11111000
11101111
00110000
00001001
01001001
11111011
11111110
11111011
11111011
11111111
11111100
11111100
11111111
11110101
11111111
11101010
11101011
10000001
10111101
10011110
00111000
11011101
11011011
11100010
10101001
01110001
01111110
10001111
10000101
10000111
10001001
10010001
11111111
11011010
00111001
00000010
00111110
11111111
11111110
11111110
11111111
11101110
01011111
11010110
11111001
11111111
11101010
10011011
01100100
10100100
11100011
01111100
10000101
11011010
11010101
11101010
01111111
10000110
10000010
10000001
10001110
10011010
10010111
10010100
11111111
11011110
00001101
00010010
00100100
11110000
11110100
11111111
11111101
11100100
00010100
01010011
10101001
11111110
11101100
11110101
11010101
11101011
11010001
01110011
11001000
11100001
11100011
11011110
10111001
01110100
01110001
01110101
01110010
01111000
01101000
01101000
11110010
11101110
01101111
00010100
00000100
11000010
11111010
11110110
11111100
11011000
00101101
00010110
01000111
11101110
11110010
11111000
11110001
11101100
11100001
11011000
11100000
11010000
11100101
11110000
11111111
11001100
01111001
01101001
01101001
01010101
01101101
10010000
11110101
11111010
11011111
00011000
00000010
00111100
11111110
11111001
11111011
11000011
00011000
01100111
10100110
11111101
11101011
11100110
11100111
11101100
11011101
11100001
11011010
11100000
11101000
11110110
11110110
11111010
11011100
10001101
01101010
01110000
01101101
10000111
11110100
11111010
11100011
00100110
00001101
00010000
01101010
11101010
11111101
11111100
10000101
10101111
11110111
11110100
11100011
11100100
11100010
11011101
11011011
11010011
11101011
11111010
11111010
11111001
11111001
11111111
11111111
11111111
11000001
01110100
01101111
01100101
11101111
11111111
11101011
11001101
00111111
00000111
00001100
00011011
01111110
10001011
10100010
10101100
11000100
10111111
11101001
11011101
11100000
11011010
11101110
11110110
11110101
11110000
11110010
11110001
11110010
11111100
11110011
11111000
11111111
11110010
10100010
01101001
11110101
11110111
11110011
11111111
10100111
00000001
00011111
00100010
00001010
00010111
00001011
00011100
00111110
10011001
11110010
11101100
11101110
11110101
11101110
11111100
11101111
11111011
11110110
11111011
11111001
11111110
11110101
11111011
11110111
11111110
11111111
11101100
11110111
11111101
11111000
11111000
11100000
11001011
11011110
11101010
11101110
11101011
11101011
11101111
11110101
11111010
11111001
11110101
11110100
11110011
11110101
11110110
11111000
11111001
11111001
11111000
11110111
11110111
11110111
11110111
11111001
11111010
11111100
11111101
11110101
11110111
11110100
11111111
11111100
11110101
11111111
11111111
11111011
11111001
11111000
11111000
11111011
11111101
11111011
11111000
11110101
11110101
11110111
11111001
11111010
11111011
11111010
11111001
11110111
11110110
11110101
11110110
11110111
11111001
11111011
11111011
11111011
11111001
11110100
11111011
11111011
11111000
11111011
11110011
11111100
11111010
11111001
11111001
11111001
11111001
11111000
11110111
11110111
11111000
11111001
11111011
11111100
11111100
11111011
11111001
11110111
11110101
11110100
11110100
11110101
11110111
11111000
11111001
11111010
11111010
11111011
11111011
11110111
11110111
11111001
11110100
11110111
11111000
11111000
11111000
11110111
11110111
11110111
11111000
11111000
11111001
11111010
11111011
11111100
11111100
11111011
11111010
11110111
11110101
11110100
11110100
11110101
11110101
11110111
11110111
11110101
11110111
11111011
11111000
11110110
11111011
11111110
11111100
11111001
11111010
11111010
11111010
11111001
11111001
11111010
11111011
11111001
11111001
11111010
11111010
11111010
11111010
11111001
11111001
11111000
11110111
11110110
11110110
11110101
11110101
11110110
11110110
11111100
11110101
11111000
11110011
11110011
11111010
11110110
11110100
11111011
11111010
11111011
11111010
11111001
11111000
11111000
11111001
11111000
11111000
11111000
11111000
11110111
11110111
11111000
11111000
11111001
11111001
11111001
11111000
11111000
11110111
11110110
11110110
11111100
11110001
11111000
11110110
11110111
11111111
11111000
11111010
11111000
11110111
11110110
11110110
11110110
11110101
11110100
11110100
11110111
11110111
11110101
11110101
11110100
11110101
11110110
11110111
11111001
11111011
11111011
11111011
11111010
11111001
11110111
11110110
11111001
11110001
11111100
11111001
11110100
11110111
11110001
11111001
11111000
11110111
11110110
11110111
11111000
11111000
11111000
11110111
11110111
11110110
11110100
11110100
11110011
11110100
11110101
11110111
11111010
11111100
11111101
11111101
11111100
11111010
11111000
11110111