11110101
11110111
11111000
11110110
11110011
11110001
11110001
11110000
11101110
11101110
11101110
11101101
11101101
11101101
11101111
11101110
11101011
11101011
11101110
11110001
11110010
11110100
11110010
11101111
11101011
11101010
11101000
11101000
11101011
11101110
11110010
11110100
11110111
11110101
11110010
11110010
11110011
11110101
11110100
11110000
11110000
11110000
11110000
11110000
11101111
11101110
11101101
11101100
11101011
11101011
11101110
11101111
11110010
11110010
11110001
11101111
11101101
11101010
11101010
11101010
11101101
11101111
11110010
11110100
11110001
11101111
11101110
11101101
11101110
11101110
11101111
11101101
11101110
11101111
11101111
11101111
11101110
11101101
11101100
11101011
11101101
11101101
11101110
11101111
11101111
11110001
11101111
11101111
11101110
11101101
11101101
11101101
11101110
11101111
11110010
11110010
11110000
11110010
11110100
11110011
11101111
11101100
11101110
11110011
11101101
11101100
11101011
11101100
11101101
11101101
11101101
11101100
11101110
11101110
11101110
11101110
11101110
11101110
11101111
11101111
11101111
11101111
11101111
11101111
11101111
11110001
11110001
11110001
11101100
11101101
11101111
11110001
11101111
11101011
11101011
11101110
11110000
11101110
11101101
11101100
11101101
11101110
11101110
11101110
11101111
11110001
11101111
11101110
11101101
11101101
11101110
11101111
11110001
11110010
11110100
11110010
11110010
11110001
11101111
11101111
11101101
11101000
11100111
11101100
11110000
11101111
11101101
11101101
11110100
11110010
11110000
11101111
11110000
11110001
11110000
11110000
11110010
11110010
11101111
11101110
11101101
11101011
11101101
11101111
11110010
11110100
11110101
11110101
11110010
11110001
11101110
11101101
11110010
11101110
11110000
11110001
11110000
11101110
11110000
11110111
11110001
11110000
11110000
11110011
11110101
11110101
11110011
11110011
11110101
11110101
11110010
11101111
11101101
11101101
11101110
11101111
11110100
11110101
11110110
11110101
11110010
11101110
11101011
11101000
11101001
11101100
11101111
11101011
11011110
11010111
11100010
11110011
11101001
11101010
11101110
11110100
11111001
11111010
11110111
11110101
11111000
11111000
11110100
11110001
11101110
11101101
11101110
11101111
11110010
11110100
11110100
11110010
11101111
11101011
11100111
11100100
11101100
11110010
11101001
11111011
10011011
00000111
00110101
00100101
00001111
00010111
00010010
00101011
01010001
10001010
11111000
11110100
11111001
11111101
11101111
11111110
11101001
11110111
11101110
11110010
11101111
11110010
11101110
11110001
11100101
11100101
11101011
11001010
11110001
11101110
11111010
11001110
01000100
00001011
00000011
00100100
01100101
10001000
10011101
10010001
10111110
11001010
11101110
11011101
11101101
11100010
11111000
11110101
11110110
11101001
11110001
11101100
11101111
11110010
11100111
11100101
11101101
11010101
10000110
01001100
11101111
11111000
11011011
00100000
00010101
00001110
01110011
11011001
11101111
11111001
10001011
10100100
11101111
11110110
11011001
11101110
11100001
11100111
11100001
11100111
11101101
11111111
11110011
11110010
11100111
11100111
11100110
11100110
10011101
01001110
01001001
00111100
11110101
11101001
11101011
00111111
00000011
01001111
11110111
11101010
11111000
10101110
00100001
01110111
10110011
11111000
11101001
11110001
11101100
11101101
11101100
11100001
11101011
11100010
11110010
11110111
11101010
11100010
10111100
01100111
01000000
01000111
01001010
01100011
11110101
11111011
11101000
00110010
00001000
10110001
11111000
11101110
11111110
11001110
00110000
00010110
01010111
11101100
11111101
11100001
11101110
11111000
11101010
11110110
11110100
11101010
11100110
11101010
11110000
10101001
01001101
00111000
00110100
00011111
00111000
01011000
11101010
11111001
11001000
00010000
00111011
11100100
11110110
11101101
11111010
11101111
00011110
01011010
10111101
11111111
11111111
11111111
11011111
11110110
11101000
10000001
11101010
11110010
11101111
11011001
10011011
00111110
00100101
00011011
00010000
00011100
00010101
00011000
11101001
11111011
01111000
00010100
01000010
11111010
11111110
11111011
11111111
11110011
01011110
11011100
11001100
10111010
10101101
10010111
01100010
10110100
11110110
10011100
10100111
11111001
11011001
11100100
00111110
00101110
00010111
00001011
00010100
00100000
00100011
00011111
11101111
11110101
01001011
00010000
00111010
11111101
11110100
11111111
11111111
11111111
11111110
11111111
10100001
10011000
10100001
11000000
11100110
10001010
11010011
10110110
01011110
11110111
11101001
11100100
10000000
00110010
00110000
00111011
00101110
00110010
00110111
00111101
11110010
11101001
00101001
00000100
01000011
11111000
11111100
11111011
11111101
11111111
11111110
11111111
11111111
11111000
11111111
11101101
11101111
10001001
11001111
10111000
01010110
11111001
11101100
11100010
10010011
01001010
01001001
01010101
01001100
01010010
01011011
01101000
11111001
11010101
00110100
00000000
00111001
11111110
11111101
11111110
11111111
11110001
01100001
11011010
11111101
11111111
11101101
10011110
01100101
10101001
11110010
10010011
10100001
11110011
11100011
11101011
01101100
01100010
01010001
01001011
01011010
01101001
01101111
01101111
11111101
11011100
00001011
00010001
00100011
11110001
11110101
11111111
11111111
11101000
00011000
01011010
10101111
11111111
11110100
11111011
11011001
11110011
11100000
10001001
11100010
11111000
11110000
11011110
10101000
01010011
01000100
01000011
01000000
01001000
00111101
01000001
11110000
11101110
01101110
00010011
00000101
11000011
11111101
11111001
11111111
11011100
00110100
00011101
01001111
11110110
11111010
11111111
11110111
11110110
11110001
11101100
11110110
11100011
11110000
11110000
11110001
10101111
01010000
00111010
00111001
00100110
01000011
01101001
11110110
11111011
11100000
00011001
00000110
01000000
11111111
11111110
11111111
11001010
00100001
01110000
10101111
11111111
11110101
11101111
11110000
11110110
11101100
11110001
11101100
11101111
11110001
11110110
11101000
11100001
10111011
01100110
01000001
01000100
01000011
01011101
11110100
11111010
11100011
00100111
00001110
00010100
01101101
11101101
11111111
11111111
10001100
10110110
11111110
11111101
11101100
11101101
11101101
11101011
11100111
11100001
11110110
11111111
11111100
11110110
11101110
11101101
11100110
11100011
10011101
01001110
01000111
00111100
11101111
11111111
11101011
11001101
00111111
00001000
00001101
00011100
10000001
10001110
10100111
10110001
11001001
11000110
11110000
11100110
11101100
11100110
11111000
11111110
11111010
11110001
11110001
11101100
11101000
11101101
11100001
11100001
11101010
11010010
01111110
01000011
11110001
11110011
11101110
11111100
10100101
00000000
00011101
00100000
00001001
00010110
00001100
00011100
00111110
10011100
11110101
11110001
11110111
11111111
11110010
11111100
11101100
11110110
11101110
11110010
11110011
11110100
11101010
11101100
11100011
11100101
11100111
11001011
11101110
11110100
11101111
11101111
11011010
11000101
11011000
11100100
11101001
11100110
11100110
11101100
11110010
11110111
11110110
11110100
11110110
11110110
11110010
11101111
11101101
11101011
11101101
11101111
11110010
11110100
11110100
11110010
11101110
11101010
11100110
11100011
11101001
11101100
11101001
11110100
11110001
11101010
11111000
11111001
11110001
11101111
11101110
11110001
11110100
11110110
11110100
11110011
11110010
11110010
11101110
11101011
11101010
11101010
11101011
11101110
11110010
11110101
11110110
11110101
11110010
11101111
11101011
11101010
11101111
11101101
11101000
11101111
11101111
11101101
11110000
11101000
11110001
11110001
11110000
11110000
11110000
11110000
11101111
11101110
11101111
11101110
11101101
11101010
11101000
11101010
11101011
11101110
11110010
11110101
11110110
11110110
11110101
11110010
11110001
11101111
11101011
11101110
11101111
11101111
11101011
11101011
11101101
11101000
11101100
11101101
11101101
11101101
11101100
11101100
11101100
11101101
11101110
11101101
11101011
11101011
11101011
11101011
11101101
11101110
11110001
11110100
11110101
11110101
11110100
11110100
11110010
11110010
11101011
11101101
11110001
11101110
11101100
11110001
11110011
11110001
11101110
11101111
11110001
11110001
11110000
11110000
11110001
11110010
11101110
11101110
11101110
11101110
11101110
11101111
11101111
11101111
11101111
11101111
11110001
11110001
11110010
11110010
11110010
11110010
11110010
11101011
11101110
11101001
11101001
11110000
11101011
11101001
11110000
11110001
11110010
11110001
11110000
11101111
11101111
11110000
11101111
11101111
11110001
11110001
11110010
11110010
11110001
11101111
11101110
11101101
11101101
11101101
11101110
11101111
11110001
11110001
11110110
11101011
11110010
11110000
11110001
11111001
11110010
11110100
11110010
11110001
11110000
11110000
11110000
11110001
11110000
11101110
11110001
11110001
11110100
11110101
11110110
11110101
11110100
11110001
11101101
11101010
11101000
11101000
11101011
11101101
11101111
11110001
11110011
11101011
11110110
11110011
11101110
11110001
11101011
11110011
11110010
11110001
11110000
11110001
11110100
11110100
11110100
11110011
11110001
11110010
11110101
11110110
11111000
11110110
11110101
11110001
11101101
11101000
11100111
11100111
11101000
11101011
11101110
11101111